   0.72600 
   0.77400 
   0.82200 
   0.87000 
   0.91714 
   0.96429 
   1.01143 
   1.05857 
   1.10571 
   1.15286 
   1.20000 
   1.21000 
   1.22000 
   1.23000 
   1.24000 
   1.25000 
   1.26000 
   1.27000 
   1.28000 
   1.29000 
   1.30000 
   1.30700 
   1.31400 
   1.32100 
   1.32800 
   1.33500 
   1.34200 
   1.34900 
   1.35600 
   1.36300 
   1.37000 
   1.36100 
   1.35200 
   1.34300 
   1.33400 
   1.32500 
   1.31600 
   1.30700 
   1.29800 
   1.28900 
